0000000000000000000000000000000000000000000000000000
0000000000000000000000000000000000000000000000000000
0000000000000000000000000000000000000000000000000000
0000000000000000000000000000000000000000000000000000
0000000000000000000000000000000000000000000000000000
0000000000000000000000000000000000000000000000000000
0000000000000000000000000000000000000000000000000000
0000000000001000000000000000000000000000000000000000
0000000000101000000000000000000000000000000000000000
0000000000011000000000000000000000000000000000000000
0000000000000000000000000000000000000000000000000000
0000000000000000000000000000000000000000000000000000
0000000000000000000000000000000000000000000000000000
0000000000000000000000000000000000000000000000000000
0000000000000000111100000000000000000000001110000000
0000000000000000011100000000000000000000001111100000
0000000000000000000000000000000000000000000000000000
0000000000000000000000000000000000000000000000000000
0000000000000000000000000000000000000000000000000000
0000000000000000000000000000000000000000000000000000
0000000000000000000000011100000000000000000000000000
0000000000000000000001011101101000000000000000000000
0000000000000000000001001010110000000000000000000000
0000000000000000001010011110111000000000000000000000
0000000000000000000001110001001000000000000000000000
0000000000000000000010101101010000000000000000000000
0000000000000000000000111011011000000000000000000000
0000000000000000000000111101101000000000000000000000
0000000000000000000011010111100000000000000000000000
0000000000000000000011001010000000000000000000000000
0000000000000000000000000000000000000000000000000000
0000000000000000000000000000000000000000000000000000
0000000000000000000000000000000000000000000000000000
0000000000000000000000000000000000000000000000000000
0000000000000000000000000000000000000000000000000000
0000000000000000000000000000000000000000000000000000
0000000000000000000000000000000000000000000000000000
0000000000000000000000000000000000000000000000000000
0000000000000000000000000000000000000000000000000000
0000000000000000000000000000000000000000000000000000
0000000000000000000000000000000000000000000000000000
0000000000000000000000000000000000000000000000000000
0000000000000000000000000000000000000000000000000000
0000000000000000000000000000000000000000000000000000
0000000000000000000000000000000000000000000000000000
0000000000000000000000000000000000000000000000000000
0000000000000000000000000000000000000000000000000000
0000000000000000000000000000000000000000000000000000
0000000000000000000000000000000000000000000000000000
0000000000000000000000000000000000000000000000000000
0000000000000000000000000000000000000000000000000000
0000000000000000000000000000000000000000000000000000